[elastic]
delta:
  -0.03 -0.015 0.015 0.03
  -0.03 -0.015 0.015 0.03
  -0.03 -0.015 0.015 0.03
  -0.06 -0.030 0.030 0.06
  -0.06 -0.030 0.030 0.06
  -0.06 -0.030 0.030 0.06

distortions:
  1 0 0 0 0 0
  0 1 0 0 0 0
  0 0 1 0 0 0
  0 0 0 1 0 0
  0 0 0 0 1 0
  0 0 0 0 0 1

symmetry:
  hexagonal

projection:
  False
